63.857    -41.485
63.789    -41.624
63.759    -41.598
60.921    -43.47
66.324    -37.487
66.422    -35.848
63.204    -42.165
64.326    -41.507
64.257    -41.554
64.181    -41.401
62.848    -42.574
66.356    -38.188
65.669    -39.592
65.621    -39.668
65.532    -39.932
65.560    -39.991
65.496    -40.09
68.574    -32.477
65.137    -40.614
65.122    -41.092
64.978    -41.135
64.876    -41.064
67.217    -33.663
60.727    -43.779
66.326    -37.181
62.519    -42.95
62.483    -42.972
62.458    -42.902
67.693    -33.151
67.652    -33.188
67.538    -33.355
67.418    -33.314
67.873    -32.445
67.846    -32.541
62.073    -42.404
62.029    -42.501
63.186    -41.842
61.326    -43.244
61.205    -43.187
61.111    -43.65
60.837    -43.568
66.582    -34.503
66.502    -34.489
61.811    -42.769
61.790    -42.84
61.768    -42.77
61.592    -43.069
61.524    -42.927
66.673    -34.291
62.750    -43.129
73.946    -25.791
76.513    -22.332
76.539    -22.385
76.565    -22.438
76.615    -22.495
72.052    -28.864
68.399    -30.038
71.921    -28.55
75.552    -22.49
75.657    -22.259
68.430    -28.652
68.862    -26.08
72.094    -28.683
75.154    -22.345
72.839    -27.403
69.966    -27.418
77.529    -21.719
69.966    -27.281
70.583    -28.263
73.132    -27.712
73.454    -27.418
73.496    -27.253
76.035    -21.922
76.243    -21.691
76.744    -22.45
76.842    -22.167
70.394    -29.082
73.800    -24.203
73.182    -55.168
74.231    -56.171
74.275    -56.189
75.448    -58.211
75.547    -58.311
76.205    -61.862
76.254    -62.189
78.189    -72.745
76.268    -62.536
76.331    -63.018
74.632    -56.485
74.672    -56.772
74.777    -56.931
74.830    -56.837
74.871    -57.002
74.915    -57.096
77.549    -66.071
77.498    -66.004
77.477    -66.02
74.396    -56.15
72.009    -52.707
73.433    -55.319
73.501    -55.53
71.460    -51.427
71.271    -51.535
70.719    -50.665
76.686    -68.058
75.921    -59.629
75.938    -59.985
75.989    -60.115
76.026    -60.281
76.316    -64.169
76.316    -64.169
76.351    -64.338
76.250    -64.596
76.173    -64.907
76.173    -64.907
76.173    -64.907
76.219    -66.811
76.249    -66.891
76.249    -66.891
76.239    -67.116
76.174    -67.296
70.486    -50.545
77.266    -66.117
77.196    -66.121
76.606    -67.848
77.870    -71.241
77.915    -71.668
77.921    -72.055
78.039    -72.31
77.836    -69.993
77.756    -69.456
75.723    -58.51
75.712    -58.998
75.800    -59.23
75.842    -59.16
75.869    -59.208
73.215    -55.173
76.005    -60.701
76.147    -60.859
70.990    -50.948
73.563    -55.635
76.162    -61.064
76.162    -61.064
76.173    -61.261
76.169    -61.393
71.726    -51.704
70.792    -50.821
70.628    -50.625
74.973    -57.574
75.135    -57.984
75.174    -57.938
75.240    -58.3
78.135    -72.836
70.379    -50.57
77.647    -66.582
77.714    -66.665
77.686    -66.968
77.675    -67.085
77.528    -67.832
77.655    -68.671
77.868    -70.311
71.671    -52.576
72.833    -54.611
72.899    -54.694
72.981    -54.783
72.981    -54.783
73.850    -55.649
73.920    -55.871
73.920    -55.871
64.353    -49.601
68.956    -50.224
61.257    -46.058
61.242    -46.102
61.314    -45.785
69.786    -50.272
63.046    -49.684
62.201    -49.015
69.214    -49.715
69.157    -49.623
64.333    -49.659
69.895    -50.371
64.658    -50.059
61.965    -48.757
62.065    -48.83
62.198    -49.014
61.193    -45.204
68.907    -50.308
69.351    -50.339
70.051    -50.313
69.998    -50.224
61.585    -48.334
81.653    -32.638
81.481    -28.718
79.512    -64.646
81.788    -33.054
81.599    -45.41
81.096    -61.676
81.850    -50.894
81.601    -54.635
79.600    -20.17
78.900    -20.14

